0 0 0 0 0 0 0 0 0 0 0 0 0 0 0 0 0 0 0 0 0 0 0 0 0 0 0 0 0 0 0 0 0 0 0 0 0 0 0 0 0 0 0 0 0 0 0 0
0 0 0 0 0 0 0 0 0 0 0 0 0 0 0 0 0 0 0 0 0 0 0 0 0 0 0 0 0 0 0 0 0 0 0 0 0 0 0 0 0 0 0 0 0 0 0 0
0 0 0 0 0 0 0 0 0 0 0 0 0 0 0 0 0 0 0 0 0 0 0 0 0 0 0 0 0 0 0 0 0 0 0 0 0 0 0 0 0 0 0 0 0 0 0 0
0 0 0 0 0 0 0 0 0 0 0 0 0 0 0 0 0 0 0 0 0 0 0 0 0 0 0 0 0 0 0 0 0 0 0 0 0 0 0 0 0 0 0 0 0 0 0 0
0 0 0 0 0 0 0 0 0 0 0 0 0 0 0 0 0 0 0 0 0 0 0 0 0 0 0 0 0 0 0 0 0 0 0 0 0 0 0 0 0 0 0 0 0 0 0 0
0 0 0 0 0 0 0 0 0 0 0 0 0 0 0 0 0 0 0 0 0 0 0 0 0 0 0 0 0 0 0 0 0 0 0 0 0 0 0 0 0 0 0 0 0 0 0 0
0 0 0 0 0 0 0 0 0 0 0 0 0 0 0 0 0 0 0 0 0 0 0 0 0 0 0 0 0 0 0 0 0 0 0 0 0 0 0 0 0 0 0 0 0 0 0 0
0 0 0 0 0 0 0 0 0 0 0 0 0 0 0 0 0 0 0 0 0 0 1 0 0 0 0 0 0 0 0 0 0 0 0 0 0 0 0 0 0 0 0 0 0 0 0 0
0 0 0 0 0 0 0 0 0 0 0 0 0 0 0 0 1 0 1 0 0 0 0 0 0 1 0 0 0 0 0 0 0 0 0 0 0 0 0 0 0 0 0 0 0 0 0 0
0 0 0 0 0 0 0 0 0 0 0 0 0 0 0 0 1 0 12 71 127 153 123 111 72 20 0 0 0 0 0 0 0 0 0 0 0 0 0 0 0 0 0 0 0 0 0 0
0 0 0 0 0 0 0 0 0 0 0 0 0 0 1 1 6 75 159 192 196 187 174 213 220 207 126 33 0 4 0 0 0 0 0 0 0 0 0 0 0 0 0 0 0 0 0 0
0 0 0 0 0 0 0 0 0 0 0 0 0 0 0 12 104 130 91 101 190 168 157 171 150 132 166 143 55 0 0 0 0 0 0 0 0 0 0 0 0 0 0 0 0 0 0 0
0 0 0 0 0 0 0 0 0 0 0 0 0 0 9 103 99 48 38 144 205 226 193 195 190 88 77 106 153 54 0 2 0 0 0 0 0 0 0 0 0 0 0 0 0 0 0 0
0 0 0 0 0 0 0 0 0 0 0 0 0 0 80 85 32 20 59 186 186 192 199 199 183 73 58 66 101 141 16 0 0 0 0 0 0 0 0 0 0 0 0 0 0 0 0 0
0 0 0 0 0 0 0 0 0 0 0 0 0 49 125 76 70 64 130 187 178 191 205 207 174 55 46 49 59 119 91 0 0 0 0 0 0 0 0 0 0 0 0 0 0 0 0 0
0 0 0 0 0 0 0 0 0 0 0 0 3 160 160 125 98 100 117 109 135 153 171 187 136 88 70 78 67 72 127 18 0 0 0 0 0 0 0 0 0 0 0 0 0 0 0 0
0 0 0 0 0 0 0 0 0 0 0 0 47 190 132 126 79 91 140 128 193 191 183 175 111 74 82 144 160 134 140 66 0 0 0 0 0 0 0 0 0 0 0 0 0 0 0 0
0 0 0 0 0 0 0 0 0 0 0 0 100 163 116 120 119 113 120 116 159 156 176 166 101 91 100 157 168 163 173 117 0 0 0 0 0 0 0 0 0 0 0 0 0 0 0 0
0 0 0 0 0 0 0 0 0 0 1 1 131 128 120 122 127 129 128 130 131 152 176 162 132 127 74 155 167 165 167 135 0 0 0 0 0 0 0 0 0 0 0 0 0 0 0 0
0 0 0 0 0 0 0 0 0 0 0 19 101 54 47 47 46 41 37 30 35 83 130 142 155 163 159 156 146 152 159 150 0 0 0 0 0 0 0 0 0 0 0 0 0 0 0 0
0 0 0 0 0 0 0 0 2 1 0 20 137 173 180 180 183 176 164 143 132 146 155 131 109 95 84 83 106 142 168 152 1 0 0 0 0 0 0 0 0 0 0 0 0 0 0 0
0 0 0 0 0 0 0 0 1 19 23 32 93 118 98 105 119 128 134 129 136 173 194 148 70 90 99 99 86 76 116 148 0 0 0 0 0 0 0 0 0 0 0 0 0 0 0 0
0 0 0 0 0 0 0 1 18 40 40 61 104 136 134 143 153 153 133 93 96 96 90 73 63 68 64 63 71 81 101 100 29 29 12 1 0 0 0 0 0 0 0 0 0 0 0 0
0 0 0 0 0 0 1 4 26 21 48 68 104 113 92 129 143 150 143 100 133 183 148 58 75 76 83 78 69 103 56 59 67 81 68 8 0 0 0 0 0 0 0 0 0 0 0 0
0 0 0 0 0 0 0 9 27 21 67 53 37 56 64 64 64 61 56 61 64 60 69 68 80 61 73 87 107 89 42 58 61 77 80 25 0 0 0 0 0 0 0 0 0 0 0 0
0 0 0 0 0 0 0 14 28 25 67 47 117 155 162 163 164 146 96 105 111 108 80 72 81 60 76 93 104 48 50 55 66 125 114 46 0 0 0 0 0 0 0 0 0 0 0 0
0 0 0 0 0 0 0 15 32 29 74 48 77 112 119 127 140 121 92 121 157 196 146 71 78 62 80 99 85 47 55 57 73 180 152 77 0 0 0 0 0 0 0 0 0 0 0 0
0 0 0 0 0 0 0 12 39 33 78 50 41 38 64 63 61 58 44 58 74 74 76 74 78 63 84 103 97 51 62 63 78 175 161 82 0 0 0 0 0 0 0 0 0 0 0 0
0 0 0 0 0 0 0 7 38 34 56 37 24 36 131 131 138 128 54 67 73 74 70 75 76 65 92 94 122 60 67 70 83 180 218 142 5 0 0 0 0 0 0 0 0 0 0 0
0 0 0 0 0 0 1 2 32 36 39 35 23 41 143 139 136 115 52 40 53 61 74 74 76 66 96 86 129 77 68 73 115 200 215 196 17 0 0 0 0 0 0 0 0 0 0 0
0 0 0 0 0 0 0 0 28 39 41 44 32 52 149 126 122 109 48 38 52 60 76 79 74 69 93 80 112 85 66 73 105 207 213 214 27 0 0 0 0 0 0 0 0 0 0 0
0 0 0 0 0 0 0 0 21 42 51 73 38 72 151 121 135 99 46 40 52 63 77 85 72 71 92 77 132 111 65 74 92 191 226 173 6 0 0 0 0 0 0 0 0 0 0 0
0 0 0 0 0 0 0 0 7 30 64 66 31 85 151 137 168 89 47 43 53 65 77 81 68 74 91 72 174 160 64 75 88 190 204 102 0 0 0 0 0 0 0 0 0 0 0 0
0 0 0 0 0 0 0 0 1 0 62 59 28 87 141 140 139 80 49 46 54 69 77 80 65 79 90 74 177 183 74 74 79 154 181 96 1 0 0 0 0 0 0 0 0 0 0 0
0 0 0 0 0 0 0 0 0 2 75 57 30 99 129 145 135 72 47 49 55 74 75 81 67 84 88 80 178 207 110 136 114 145 203 90 0 0 0 0 0 0 0 0 0 0 0 0
0 0 0 0 0 0 0 0 0 7 85 55 39 120 141 133 133 66 45 49 55 81 77 79 66 90 85 86 177 190 42 111 109 196 207 91 0 0 0 0 0 0 0 0 0 0 0 0
0 0 0 0 0 0 0 0 1 8 59 48 43 91 112 125 119 57 64 69 69 85 77 82 73 93 77 94 185 173 20 81 88 182 213 122 0 0 0 0 0 0 0 0 0 0 0 0
0 0 0 0 0 0 0 0 0 18 38 33 36 33 36 45 49 40 58 70 75 78 74 92 92 91 73 104 185 162 6 75 86 165 215 146 0 0 0 0 0 0 0 0 0 0 0 0
0 0 0 0 0 0 0 1 0 33 51 41 33 37 39 44 49 42 46 55 60 74 75 73 80 84 72 83 121 116 0 64 86 148 214 157 8 0 0 0 0 0 0 0 0 0 0 0
0 0 0 0 0 0 0 0 0 43 103 74 50 128 129 112 52 48 60 67 73 73 73 72 75 80 72 79 85 81 0 49 86 137 214 179 25 0 0 0 0 0 0 0 0 0 0 0
0 0 0 0 0 0 0 0 0 41 105 70 56 187 191 162 49 30 54 67 71 74 66 103 143 102 68 96 106 78 0 34 86 123 212 190 56 0 0 0 0 0 0 0 0 0 0 0
0 0 0 0 0 0 0 0 0 39 105 65 72 199 178 134 43 27 56 62 73 67 87 145 144 166 78 88 92 60 0 26 87 110 211 187 68 0 0 0 0 0 0 0 0 0 0 0
0 0 0 0 0 0 0 0 3 43 55 47 70 152 169 108 43 30 63 62 76 68 101 143 125 168 81 87 92 46 0 42 91 93 145 107 36 0 0 0 0 0 0 0 0 0 0 0
0 0 0 0 0 0 0 0 1 29 56 43 42 46 47 51 46 50 61 67 74 71 74 148 173 140 74 87 90 35 66 103 85 78 79 83 60 6 0 0 0 0 0 0 0 0 0 0
0 0 0 0 0 0 0 0 0 1 45 64 45 60 45 61 58 53 65 74 71 80 80 90 103 80 83 91 90 121 183 132 91 139 80 86 164 75 0 1 0 0 0 0 0 0 0 0
0 0 0 0 0 0 0 0 0 0 19 55 51 55 54 57 67 53 65 76 74 83 99 106 105 109 115 112 80 111 112 122 119 180 80 154 205 48 0 0 0 0 0 0 0 0 0 0
0 0 0 0 0 0 0 0 0 0 2 6 44 65 68 67 59 58 67 80 84 78 97 104 108 110 115 42 65 129 116 135 159 157 132 191 127 0 0 0 0 0 0 0 0 0 0 0
0 0 0 0 0 0 0 0 0 0 0 22 82 67 63 78 46 50 56 102 148 163 155 61 49 62 47 0 73 170 153 157 173 119 164 144 104 51 0 1 0 0 0 0 0 0 0 0
0 0 0 0 0 0 0 0 0 1 7 113 155 74 67 105 72 55 81 100 131 142 73 0 0 0 0 0 54 141 137 122 140 120 135 126 96 95 26 0 0 0 0 0 0 0 0 0
0 0 0 0 0 0 0 0 0 0 22 124 128 63 107 112 88 53 110 128 126 122 22 0 0 0 0 0 54 125 116 84 101 149 88 89 102 102 78 5 0 0 0 0 0 0 0 0
0 0 0 0 0 0 0 0 1 13 32 148 171 141 150 52 82 58 83 109 119 110 16 1 0 0 0 0 58 128 131 103 130 123 73 88 107 113 104 49 0 0 0 0 0 0 0 0
0 0 0 0 0 0 0 0 0 31 56 109 145 140 78 52 91 43 74 101 114 126 92 2 0 0 0 0 84 168 173 151 186 118 68 96 107 104 105 103 13 0 0 0 0 0 0 0
0 0 0 0 0 0 0 0 0 11 41 51 67 64 36 64 76 37 80 89 106 122 141 54 0 0 0 36 160 212 131 96 171 104 66 99 109 106 125 113 3 0 0 0 0 0 0 0
0 0 0 0 0 0 0 0 1 1 0 0 5 30 42 66 56 38 84 96 105 119 138 123 4 0 3 144 125 183 159 174 177 87 67 97 105 124 124 40 0 0 0 0 0 0 0 0
0 0 0 0 0 0 0 0 0 0 0 0 15 37 48 68 48 41 97 106 109 121 146 114 0 0 0 43 141 128 109 150 156 69 66 103 133 114 26 0 0 0 0 0 0 0 0 0
0 0 0 0 0 0 0 0 0 0 0 2 32 42 55 67 44 48 99 108 118 138 121 29 0 0 1 5 85 101 113 137 137 91 79 115 95 14 0 1 0 0 0 0 0 0 0 0
0 0 0 0 0 0 0 0 0 0 0 15 57 51 72 64 36 54 114 127 127 70 8 0 0 0 0 0 1 10 23 37 56 75 93 67 5 0 0 0 0 0 0 0 0 0 0 0
0 0 0 0 0 0 0 0 0 0 0 4 50 77 90 85 63 66 130 95 25 0 1 2 0 0 0 0 0 0 0 0 0 0 5 4 0 0 0 0 0 0 0 0 0 0 0 0
0 0 0 0 0 0 0 0 0 0 0 0 1 10 19 31 48 74 62 5 0 0 0 0 0 0 0 0 0 0 0 0 0 0 0 0 0 0 0 0 0 0 0 0 0 0 0 0
0 0 0 0 0 0 0 0 0 0 0 0 1 0 0 0 1 3 1 1 0 0 0 0 0 0 0 0 0 0 0 0 0 0 0 0 0 0 0 0 0 0 0 0 0 0 0 0
0 0 0 0 0 0 0 0 0 0 0 0 0 0 0 0 0 0 0 0 0 0 0 0 0 0 0 0 0 0 0 0 0 0 0 0 0 0 0 0 0 0 0 0 0 0 0 0
0 0 0 0 0 0 0 0 0 0 0 0 0 0 0 0 0 0 0 0 0 0 0 0 0 0 0 0 0 0 0 0 0 0 0 0 0 0 0 0 0 0 0 0 0 0 0 0
0 0 0 0 0 0 0 0 0 0 0 0 0 0 0 0 0 0 0 0 0 0 0 0 0 0 0 0 0 0 0 0 0 0 0 0 0 0 0 0 0 0 0 0 0 0 0 0
0 0 0 0 0 0 0 0 0 0 0 0 0 0 0 0 0 0 0 0 0 0 0 0 0 0 0 0 0 0 0 0 0 0 0 0 0 0 0 0 0 0 0 0 0 0 0 0
0 0 0 0 0 0 0 0 0 0 0 0 0 0 0 0 0 0 0 0 0 0 0 0 0 0 0 0 0 0 0 0 0 0 0 0 0 0 0 0 0 0 0 0 0 0 0 0
0 0 0 0 0 0 0 0 0 0 0 0 0 0 0 0 0 0 0 0 0 0 0 0 0 0 0 0 0 0 0 0 0 0 0 0 0 0 0 0 0 0 0 0 0 0 0 0
0 0 0 0 0 0 0 0 0 0 0 0 0 0 0 0 0 0 0 0 0 0 0 0 0 0 0 0 0 0 0 0 0 0 0 0 0 0 0 0 0 0 0 0 0 0 0 0